Id|DivisionId|Season|TotalPlaces|PromotionPlaces|PlayOffPlaces|RelegationPlaces
1|1|1992 - 1993|22|0|0|3
2|1|1993 - 1994|22|0|0|3
3|1|1994 - 1995|22|0|0|4
4|1|1995 - 1996|20|0|0|3
5|1|1996 - 1997|20|0|0|3
6|1|1997 - 1998|20|0|0|3
7|1|1998 - 1999|20|0|0|3
8|1|1999 - 2000|20|0|0|3
9|1|2000 - 2001|20|0|0|3
10|1|2001 - 2002|20|0|0|3
11|1|2002 - 2003|20|0|0|3
12|1|2003 - 2004|20|0|0|3
13|1|2004 - 2005|20|0|0|3
14|1|2005 - 2006|20|0|0|3
15|1|2006 - 2007|20|0|0|3
16|1|2007 - 2008|20|0|0|3
17|1|2008 - 2009|20|0|0|3
18|1|2009 - 2010|20|0|0|3
19|1|2010 - 2011|20|0|0|3
20|1|2011 - 2012|20|0|0|3
21|1|2012 - 2013|20|0|0|3
22|1|2013 - 2014|20|0|0|3
23|1|2014 - 2015|20|0|0|3
24|1|2015 - 2016|20|0|0|3
25|1|2016 - 2017|20|0|0|3
26|1|2017 - 2018|20|0|0|3
27|3|1992 - 1993|24|2|4|3
28|3|1993 - 1994|24|2|4|3
29|3|1994 - 1995|24|1|4|4
30|3|1995 - 1996|24|2|4|3
31|3|1996 - 1997|24|2|4|3
32|3|1997 - 1998|24|2|4|3
33|3|1995 - 1996|24|2|4|3
34|3|1998 - 1999|24|2|4|3
35|3|1999 - 2000|24|2|4|3
36|3|2000 - 2001|24|2|4|3
37|3|2001 - 2002|24|2|4|3
38|3|2002 - 2003|24|2|4|3
39|3|2003 - 2004|24|2|4|3
40|2|2004 - 2005|24|2|4|3
41|2|2005 - 2006|24|2|4|3
42|2|2006 - 2007|24|2|4|3
43|2|2007 - 2008|24|2|4|3
44|2|2008 - 2009|24|2|4|3
45|2|2009 - 2010|24|2|4|3
46|2|2010 - 2011|24|2|4|3
47|2|2011 - 2012|24|2|4|3
48|2|2012 - 2013|24|2|4|3
49|2|2013 - 2014|24|2|4|3
50|2|2014 - 2015|24|2|4|3
51|2|2015 - 2016|24|2|4|3
52|2|2017 - 2018|24|2|4|3
53|2|2016 - 2017|24|2|4|3
54|5|1992 - 1993|24|2|4|4
55|5|1993 - 1994|24|2|4|4
56|5|1994 - 1995|24|1|4|5
57|5|1995 - 1996|24|2|4|4
58|5|1996 - 1997|24|2|4|4
59|5|1997 - 1998|24|2|4|4
60|5|1995 - 1996|24|2|4|4
61|5|1998 - 1999|24|2|4|4
62|5|1999 - 2000|24|2|4|4
63|5|2000 - 2001|24|2|4|4
64|5|2001 - 2002|24|2|4|4
65|5|2002 - 2003|24|2|4|4
66|5|2003 - 2004|24|2|4|4
67|4|2004 - 2005|24|2|4|4
68|4|2005 - 2006|24|2|4|4
69|4|2006 - 2007|24|2|4|4
70|4|2007 - 2008|24|2|4|4
71|4|2008 - 2009|24|2|4|4
72|4|2009 - 2010|24|2|4|4
73|4|2010 - 2011|24|2|4|4
74|4|2011 - 2012|24|2|4|4
75|4|2012 - 2013|24|2|4|4
76|4|2013 - 2014|24|2|4|4
77|4|2014 - 2015|24|2|4|4
78|4|2015 - 2016|24|2|4|4
79|4|2017 - 2018|24|2|4|4
80|4|2016 - 2017|24|2|4|4
81|7|1992 - 1993|22|3|4|1
82|7|1993 - 1994|22|3|4|0
83|7|1994 - 1995|22|2|4|0
84|7|1995 - 1996|24|3|4|0
85|7|1996 - 1997|24|3|4|1
86|7|1997 - 1998|24|3|4|1
87|7|1995 - 1996|24|3|4|1
88|7|1998 - 1999|24|3|4|1
89|7|1999 - 2000|24|3|4|1
90|7|2000 - 2001|24|3|4|1
91|7|2001 - 2002|24|3|4|1
92|7|2002 - 2003|24|3|4|2
93|7|2003 - 2004|24|3|4|2
94|6|2004 - 2005|24|3|4|2
95|6|2005 - 2006|24|3|4|2
96|6|2006 - 2007|24|3|4|2
97|6|2007 - 2008|24|3|4|2
98|6|2008 - 2009|24|3|4|2
99|6|2009 - 2010|24|3|4|2
100|6|2010 - 2011|24|3|4|2
101|6|2011 - 2012|24|3|4|2
102|6|2012 - 2013|24|3|4|2
103|6|2013 - 2014|24|3|4|2
104|6|2014 - 2015|24|3|4|2
105|6|2015 - 2016|24|3|4|2
106|6|2017 - 2018|24|3|4|2
107|6|2016 - 2017|24|3|4|2
Id|DivisionId|Season|TotalPlaces|PromotionPlaces|PlayOffPlaces|RelegationPlaces|RelegationPlayOffPlaces|Comments|ReElectionPlaces|PointsForWin|FailedReElectionPosition
1|1|1992 - 1993|22|0|0|3|0||0|3|
2|1|1993 - 1994|22|0|0|3|0||0|3|
3|1|1994 - 1995|22|0|0|4|0||0|3|
4|1|1995 - 1996|20|0|0|3|0||0|3|
5|1|1996 - 1997|20|0|0|3|0||0|3|
6|1|1997 - 1998|20|0|0|3|0||0|3|
7|1|1998 - 1999|20|0|0|3|0||0|3|
8|1|1999 - 2000|20|0|0|3|0||0|3|
9|1|2000 - 2001|20|0|0|3|0||0|3|
10|1|2001 - 2002|20|0|0|3|0||0|3|
11|1|2002 - 2003|20|0|0|3|0||0|3|
12|1|2003 - 2004|20|0|0|3|0||0|3|
13|1|2004 - 2005|20|0|0|3|0||0|3|
14|1|2005 - 2006|20|0|0|3|0||0|3|
15|1|2006 - 2007|20|0|0|3|0||0|3|
16|1|2007 - 2008|20|0|0|3|0||0|3|
17|1|2008 - 2009|20|0|0|3|0||0|3|
18|1|2009 - 2010|20|0|0|3|0||0|3|
19|1|2010 - 2011|20|0|0|3|0||0|3|
20|1|2011 - 2012|20|0|0|3|0||0|3|
21|1|2012 - 2013|20|0|0|3|0||0|3|
22|1|2013 - 2014|20|0|0|3|0||0|3|
23|1|2014 - 2015|20|0|0|3|0||0|3|
24|1|2015 - 2016|20|0|0|3|0||0|3|
25|1|2016 - 2017|20|0|0|3|0||0|3|
26|1|2017 - 2018|20|0|0|3|0||0|3|
27|3|1992 - 1993|24|2|4|3|0||0|3|
28|3|1993 - 1994|24|2|4|3|0||0|3|
29|3|1994 - 1995|24|1|4|4|0||0|3|
30|3|1995 - 1996|24|2|4|3|0||0|3|
31|3|1996 - 1997|24|2|4|3|0||0|3|
32|3|1997 - 1998|24|2|4|3|0||0|3|
33|3|1995 - 1996|24|2|4|3|0||0|3|
34|3|1998 - 1999|24|2|4|3|0||0|3|
35|3|1999 - 2000|24|2|4|3|0||0|3|
36|3|2000 - 2001|24|2|4|3|0||0|3|
37|3|2001 - 2002|24|2|4|3|0||0|3|
38|3|2002 - 2003|24|2|4|3|0||0|3|
39|3|2003 - 2004|24|2|4|3|0||0|3|
40|2|2004 - 2005|24|2|4|3|0||0|3|
41|2|2005 - 2006|24|2|4|3|0||0|3|
42|2|2006 - 2007|24|2|4|3|0||0|3|
43|2|2007 - 2008|24|2|4|3|0||0|3|
44|2|2008 - 2009|24|2|4|3|0||0|3|
45|2|2009 - 2010|24|2|4|3|0||0|3|
46|2|2010 - 2011|24|2|4|3|0||0|3|
47|2|2011 - 2012|24|2|4|3|0||0|3|
48|2|2012 - 2013|24|2|4|3|0||0|3|
49|2|2013 - 2014|24|2|4|3|0||0|3|
50|2|2014 - 2015|24|2|4|3|0||0|3|
51|2|2015 - 2016|24|2|4|3|0||0|3|
52|2|2017 - 2018|24|2|4|3|0||0|3|
53|2|2016 - 2017|24|2|4|3|0||0|3|
54|5|1992 - 1993|24|2|4|4|0||0|3|
55|5|1993 - 1994|24|2|4|4|0||0|3|
56|5|1994 - 1995|24|1|4|5|0||0|3|
57|5|1995 - 1996|24|2|4|4|0||0|3|
58|5|1996 - 1997|24|2|4|4|0||0|3|
59|5|1997 - 1998|24|2|4|4|0||0|3|
60|5|1995 - 1996|24|2|4|4|0||0|3|
61|5|1998 - 1999|24|2|4|4|0||0|3|
62|5|1999 - 2000|24|2|4|4|0||0|3|
63|5|2000 - 2001|24|2|4|4|0||0|3|
64|5|2001 - 2002|24|2|4|4|0||0|3|
65|5|2002 - 2003|24|2|4|4|0||0|3|
66|5|2003 - 2004|24|2|4|4|0||0|3|
67|4|2004 - 2005|24|2|4|4|0||0|3|
68|4|2005 - 2006|24|2|4|4|0||0|3|
69|4|2006 - 2007|24|2|4|4|0||0|3|
70|4|2007 - 2008|24|2|4|4|0||0|3|
71|4|2008 - 2009|24|2|4|4|0||0|3|
72|4|2009 - 2010|24|2|4|4|0||0|3|
73|4|2010 - 2011|24|2|4|4|0||0|3|
74|4|2011 - 2012|24|2|4|4|0||0|3|
75|4|2012 - 2013|24|2|4|4|0||0|3|
76|4|2013 - 2014|24|2|4|4|0||0|3|
77|4|2014 - 2015|24|2|4|4|0||0|3|
78|4|2015 - 2016|24|2|4|4|0||0|3|
79|4|2017 - 2018|24|2|4|4|0||0|3|
80|4|2016 - 2017|24|2|4|4|0||0|3|
81|7|1992 - 1993|22|3|4|1|0||0|3|
82|7|1993 - 1994|22|3|4|0|0||0|3|
83|7|1994 - 1995|22|2|4|0|0||0|3|
84|7|1995 - 1996|24|3|4|0|0||0|3|
85|7|1996 - 1997|24|3|4|1|0||0|3|
86|7|1997 - 1998|24|3|4|1|0||0|3|
87|7|1995 - 1996|24|3|4|1|0||0|3|
88|7|1998 - 1999|24|3|4|1|0||0|3|
89|7|1999 - 2000|24|3|4|1|0||0|3|
90|7|2000 - 2001|24|3|4|1|0||0|3|
91|7|2001 - 2002|24|3|4|1|0||0|3|
92|7|2002 - 2003|24|3|4|2|0||0|3|
93|7|2003 - 2004|24|3|4|2|0||0|3|
94|6|2004 - 2005|24|3|4|2|0||0|3|
95|6|2005 - 2006|24|3|4|2|0||0|3|
96|6|2006 - 2007|24|3|4|2|0||0|3|
97|6|2007 - 2008|24|3|4|2|0||0|3|
98|6|2008 - 2009|24|3|4|2|0||0|3|
99|6|2009 - 2010|24|3|4|2|0||0|3|
100|6|2010 - 2011|24|3|4|2|0||0|3|
101|6|2011 - 2012|24|3|4|2|0||0|3|
102|6|2012 - 2013|24|3|4|2|0||0|3|
103|6|2013 - 2014|24|3|4|2|0||0|3|
104|6|2014 - 2015|24|3|4|2|0||0|3|
105|6|2015 - 2016|24|3|4|2|0||0|3|
106|6|2017 - 2018|24|3|4|2|0||0|3|
107|6|2016 - 2017|24|3|4|2|0||0|3|
108|10|1991 - 1992|22|0|0|3|0||0|3|
109|11|1991 - 1992|24|2|4|3|0||0|3|
110|12|1991 - 1992|24|2|4|4|0||0|3|
111|16|1991 - 1992|22|3|4|0|0|Aldershot were expelled from the Football League in March 1992 and their results expunged|0|3|
112|10|1990 - 1991|20|0|0|2|0||0|3|
113|11|1990 - 1991|24|3|4|2|0||0|3|
114|12|1990 - 1991|24|3|4|3|0||0|3|
115|16|1990 - 1991|24|4|4|0|0||0|3|
116|10|1989 - 1990|20|0|0|3|0||0|3|
117|11|1989 - 1990|24|2|4|3|0|Sunderland were promoted in place of Swindon Town due to financial irregularities|0|3|
118|12|1989 - 1990|24|2|4|4|0||0|3|
119|16|1989 - 1990|24|3|4|1|0||0|3|
120|10|1988 - 1989|20|0|0|3|0||0|3|
121|11|1988 - 1989|24|2|4|3|0||0|3|
122|12|1988 - 1989|24|2|4|4|0||0|3|
123|16|1988 - 1989|24|3|4|1|0||0|3|
124|10|1987 - 1988|21|0|0|3|1||0|3|
125|11|1987 - 1988|23|2|3|2|1||0|3|
126|12|1987 - 1988|24|2|3|3|1||0|3|
127|16|1987 - 1988|24|3|3|1|0||0|3|
128|10|1986 - 1987|22|0|0|3|1||0|3|
129|11|1986 - 1987|22|2|3|2|1||0|3|
130|12|1986 - 1987|24|2|3|3|1||0|3|
131|16|1986 - 1987|24|3|3|1|0||0|3|
132|10|1985 - 1986|22|0|0|3|0||0|3|
133|11|1985 - 1986|22|3|0|3|0||0|3|
134|12|1985 - 1986|24|3|0|4|0||0|3|
135|16|1985 - 1986|24|4|0|0|0||4|3|
136|10|1984 - 1985|22|0|0|3|0||0|3|
137|11|1984 - 1985|22|3|0|3|0||0|3|
138|12|1984 - 1985|24|3|0|4|0|Bradford City vs Lincoln City was abandoned after 40 mins but the result stands|0|3|
139|16|1984 - 1985|24|4|0|0|0||4|3|
140|10|1983 - 1984|22|0|0|3|0||0|3|
141|11|1983 - 1984|22|3|0|3|0||0|3|
142|12|1983 - 1984|24|3|0|4|0||0|3|
143|16|1983 - 1984|24|4|0|0|0||4|3|
144|10|1982 - 1983|22|0|0|3|0||0|3|
145|11|1982 - 1983|22|3|0|3|0||0|3|
146|12|1982 - 1983|24|3|0|4|0||0|3|
147|16|1982 - 1983|24|4|0|0|0||4|3|
148|10|1981 - 1982|22|0|0|3|0||0|3|
149|11|1981 - 1982|22|3|0|3|0||0|3|
150|12|1981 - 1982|24|3|0|4|0||0|3|
151|16|1981 - 1982|24|4|0|0|0||4|3|
152|10|1980 - 1981|22|0|0|3|0||0|2|
153|11|1980 - 1981|22|3|0|3|0||0|2|
154|12|1980 - 1981|24|3|0|4|0||0|2|
155|16|1980 - 1981|24|4|0|0|0||4|2|
156|10|1979 - 1980|22|0|0|3|0||0|2|
157|11|1979 - 1980|22|3|0|3|0||0|2|
158|12|1979 - 1980|24|3|0|4|0||0|2|
159|16|1979 - 1980|24|4|0|0|0||4|2|
160|10|1978 - 1979|22|0|0|3|0||0|2|
161|11|1978 - 1979|22|3|0|3|0||0|2|
162|12|1978 - 1979|24|3|0|4|0||0|2|
163|16|1978 - 1979|24|4|0|0|0||4|2|
164|10|1977 - 1978|22|0|0|3|0||0|2|
165|11|1977 - 1978|22|3|0|3|0||0|2|
166|12|1977 - 1978|24|3|0|4|0||0|2|
167|16|1977 - 1978|24|4|0|0|0||4|2|23
168|10|1976 - 1977|22|0|0|3|0||0|2|
169|11|1976 - 1977|22|3|0|3|0||0|2|
170|12|1976 - 1977|24|3|0|4|0||0|2|
171|16|1976 - 1977|24|4|0|0|0||4|2|24
172|10|1975 - 1976|22|0|0|3|0||0|2|
173|11|1975 - 1976|22|3|0|3|0||0|2|
174|12|1975 - 1976|24|3|0|4|0||0|2|
175|16|1975 - 1976|24|4|0|0|0||4|2|
176|10|1974 - 1975|22|0|0|3|0||0|2|
177|11|1974 - 1975|22|3|0|3|0||0|2|
178|12|1974 - 1975|24|3|0|4|0||0|2|
179|16|1974 - 1975|24|4|0|0|0||4|2|
180|10|1973 - 1974|22|0|0|3|0||0|2|
181|11|1973 - 1974|22|3|0|3|0||0|2|
182|12|1973 - 1974|24|3|0|4|0||0|2|
183|16|1973 - 1974|24|4|0|0|0|Scunthorpe United vs Exeter City was never played as Exeter City failed to turn up. Scunthorpe United were awarded the 2 points|4|2|
184|10|1972 - 1973|22|0|0|2|0||0|2|
185|11|1972 - 1973|22|2|0|2|0||0|2|
186|12|1972 - 1973|24|2|0|4|0||0|2|
187|16|1972 - 1973|24|4|0|0|0||4|2|
188|10|1971 - 1972|22|0|0|2|0||0|2|
189|11|1971 - 1972|22|2|0|2|0||0|2|
190|12|1971 - 1972|24|2|0|4|0||0|2|
191|16|1971 - 1972|24|4|0|0|0||4|2|22
192|10|1970 - 1971|22|0|0|2|0||0|2|
193|11|1970 - 1971|22|2|0|2|0||0|2|
194|12|1970 - 1971|24|2|0|4|0||0|2|
195|16|1970 - 1971|24|4|0|0|0||4|2|
196|10|1969 - 1970|22|0|0|2|0||0|2|
197|11|1969 - 1970|22|2|0|2|0||0|2|
198|12|1969 - 1970|24|2|0|4|0||0|2|
199|16|1969 - 1970|24|4|0|0|0||4|2|24
200|10|1968 - 1969|22|0|0|2|0||0|2|
201|11|1968 - 1969|22|2|0|2|0||0|2|
202|12|1968 - 1969|24|2|0|4|0||0|2|
203|16|1968 - 1969|24|4|0|0|0||4|2|
204|10|1967 - 1968|22|0|0|2|0||0|2|
205|11|1967 - 1968|22|2|0|2|0||0|2|
206|12|1967 - 1968|24|2|0|4|0||0|2|
207|16|1967 - 1968|24|4|0|0|0|Port Vale had to apply for re-election despite finishing 18th due to financial irregularities and were successful|4|2|
208|10|1966 - 1967|22|0|0|2|0||0|2|
209|11|1966 - 1967|22|2|0|2|0||0|2|
210|12|1966 - 1967|24|2|0|4|0||0|2|
211|16|1966 - 1967|24|4|0|0|0||4|2|
212|10|1965 - 1966|22|0|0|2|0||0|2|
213|11|1965 - 1966|22|2|0|2|0||0|2|
214|12|1965 - 1966|24|2|0|4|0||0|2|
215|16|1965 - 1966|24|4|0|0|0||4|2|
216|10|1964 - 1965|22|0|0|2|0||0|2|
217|11|1964 - 1965|22|2|0|2|0||0|2|
218|12|1964 - 1965|24|2|0|4|0||0|2|
219|16|1964 - 1965|24|4|0|0|0||4|2|
220|10|1963 - 1964|22|0|0|2|0||0|2|
221|11|1963 - 1964|22|2|0|2|0||0|2|
222|12|1963 - 1964|24|2|0|4|0||0|2|
223|16|1963 - 1964|24|4|0|0|0||4|2|
224|10|1962 - 1963|22|0|0|2|0||0|2|
225|11|1962 - 1963|22|2|0|2|0||0|2|
226|12|1962 - 1963|24|2|0|4|0||0|2|
227|16|1962 - 1963|24|4|0|0|0||4|2|
228|10|1961 - 1962|22|0|0|2|0||0|2|
229|11|1961 - 1962|22|2|0|2|0||0|2|
230|12|1961 - 1962|24|2|0|4|0||0|2|
231|16|1961 - 1962|23|4|0|0|0|Accrington Stanley resigned from the league after 33 games and their results were expunged|3|2|
232|10|1960 - 1961|22|0|0|2|0||0|2|
233|11|1960 - 1961|22|2|0|2|0||0|2|
234|12|1960 - 1961|24|2|0|4|0||0|2|
235|16|1960 - 1961|24|4|0|0|0||4|2|
236|10|1959 - 1960|22|0|0|2|0||0|2|
237|11|1959 - 1960|22|2|0|2|0||0|2|
238|12|1959 - 1960|24|2|0|4|0||0|2|
239|16|1959 - 1960|24|4|0|0|0||4|2|22
240|10|1958 - 1959|22|0|0|2|0||0|2|
241|11|1958 - 1959|22|2|0|2|0||0|2|
242|12|1958 - 1959|24|2|0|4|0||0|2|
243|16|1958 - 1959|24|4|0|0|0||4|2|
244|10|1957 - 1958|22|0|0|2|0||0|2|
245|11|1957 - 1958|22|2|0|2|0||0|2|
246|14|1957 - 1958|24|1|0|0|0|Teams in positions 13 - 24 were moved to the Fourth Division for the 1958 - 1959 season|2|2|
247|15|1957 - 1958|24|1|0|0|0|Teams in positions 13 - 24 were moved to the Fourth Division for the 1958 - 1959 season|2|2|
248|10|1956 - 1957|22|0|0|2|0||0|2|
249|11|1956 - 1957|22|2|0|2|0||0|2|
250|14|1956 - 1957|24|1|0|0|0||2|2|
251|15|1956 - 1957|24|1|0|0|0||2|2|
252|10|1955 - 1956|22|0|0|2|0||0|2|
253|11|1955 - 1956|22|2|0|2|0||0|2|
254|14|1955 - 1956|24|1|0|0|0||2|2|
255|15|1955 - 1956|24|1|0|0|0||2|2|
256|10|1954 - 1955|22|0|0|2|0||0|2|
257|11|1954 - 1955|22|2|0|2|0||0|2|
258|14|1954 - 1955|24|1|0|0|0||2|2|
259|15|1954 - 1955|24|1|0|0|0||2|2|
260|10|1953 - 1954|22|0|0|2|0||0|2|
261|11|1953 - 1954|22|2|0|2|0||0|2|
262|14|1953 - 1954|24|1|0|0|0||2|2|
263|15|1953 - 1954|24|1|0|0|0||2|2|
264|10|1952 - 1953|22|0|0|2|0||0|2|
265|11|1952 - 1953|22|2|0|2|0||0|2|
266|14|1952 - 1953|24|1|0|0|0||2|2|
267|15|1952 - 1953|24|1|0|0|0||2|2|
268|10|1951 - 1952|22|0|0|2|0||0|2|
269|11|1951 - 1952|22|2|0|2|0||0|2|
270|14|1951 - 1952|24|1|0|0|0||2|2|
271|15|1951 - 1952|24|1|0|0|0||2|2|
272|10|1950 - 1951|22|0|0|2|0||0|2|
273|11|1950 - 1951|22|2|0|2|0||0|2|
274|14|1950 - 1951|24|1|0|0|0||2|2|24
275|15|1950 - 1951|24|1|0|0|0||2|2|
276|10|1949 - 1950|22|0|0|2|0||0|2|
277|11|1949 - 1950|22|2|0|2|0||0|2|
278|14|1949 - 1950|22|1|0|0|0||2|2|
279|15|1949 - 1950|22|1|0|0|0||2|2|
280|10|1948 - 1949|22|0|0|2|0||0|2|
281|11|1948 - 1949|22|2|0|2|0||0|2|
282|14|1948 - 1949|22|1|0|0|0||2|2|
283|15|1948 - 1949|22|1|0|0|0||2|2|
284|10|1947 - 1948|22|0|0|2|0||0|2|
285|11|1947 - 1948|22|2|0|2|0||0|2|
286|14|1947 - 1948|22|1|0|0|0||2|2|
287|15|1947 - 1948|22|1|0|0|0||2|2|
288|10|1946 - 1947|22|0|0|2|0||0|2|
289|11|1946 - 1947|22|2|0|2|0||0|2|
290|14|1946 - 1947|22|1|0|0|0||2|2|
291|15|1946 - 1947|22|1|0|0|0||2|2|
292|10|1945 - 1946|0|0|0|0|0|No league due to World War II|0|0|
293|11|1945 - 1946|0|0|0|0|0|No league due to World War II|0|0|
294|14|1945 - 1946|0|0|0|0|0|No league due to World War II|0|0|
295|15|1945 - 1946|0|0|0|0|0|No league due to World War II|0|0|
296|10|1944 - 1945|0|0|0|0|0|No league due to World War II|0|0|
297|11|1944 - 1945|0|0|0|0|0|No league due to World War II|0|0|
298|14|1944 - 1945|0|0|0|0|0|No league due to World War II|0|0|
299|15|1944 - 1945|0|0|0|0|0|No league due to World War II|0|0|
300|10|1943 - 1944|0|0|0|0|0|No league due to World War II|0|0|
301|11|1943 - 1944|0|0|0|0|0|No league due to World War II|0|0|
302|14|1943 - 1944|0|0|0|0|0|No league due to World War II|0|0|
303|15|1943 - 1944|0|0|0|0|0|No league due to World War II|0|0|
304|10|1942 - 1943|0|0|0|0|0|No league due to World War II|0|0|
305|11|1942 - 1943|0|0|0|0|0|No league due to World War II|0|0|
306|14|1942 - 1943|0|0|0|0|0|No league due to World War II|0|0|
307|15|1942 - 1943|0|0|0|0|0|No league due to World War II|0|0|
308|10|1941 - 1942|0|0|0|0|0|No league due to World War II|0|0|
309|11|1941 - 1942|0|0|0|0|0|No league due to World War II|0|0|
310|14|1941 - 1942|0|0|0|0|0|No league due to World War II|0|0|
311|15|1941 - 1942|0|0|0|0|0|No league due to World War II|0|0|
312|10|1940 - 1941|0|0|0|0|0|No league due to World War II|0|0|
313|11|1940 - 1941|0|0|0|0|0|No league due to World War II|0|0|
314|14|1940 - 1941|0|0|0|0|0|No league due to World War II|0|0|
315|15|1940 - 1941|0|0|0|0|0|No league due to World War II|0|0|
316|10|1939 - 1940|22|0|0|0|0|Abandoned after 3 matches due to World War II|0|2|
317|11|1939 - 1940|22|0|0|0|0|Abandoned after 3 matches due to World War II|0|2|
318|14|1939 - 1940|22|0|0|0|0|Abandoned after 3 matches due to World War II|0|2|
319|15|1939 - 1940|22|0|0|0|0|Abandoned after 3 matches due to World War II|0|2|
320|10|1938 - 1939|22|0|0|2|0||0|2|
321|11|1938 - 1939|22|2|0|2|0||0|2|
322|14|1938 - 1939|22|1|0|0|0||2|2|
323|15|1938 - 1939|22|1|0|0|0||2|2|
324|10|1937 - 1938|22|0|0|2|0||0|2|
325|11|1937 - 1938|22|2|0|2|0||0|2|
326|14|1937 - 1938|22|1|0|0|0|Port Vale were transferred to the Third Division South for the 1938 - 1939 season|2|2|
327|15|1937 - 1938|22|1|0|0|0||2|2|22
328|10|1936 - 1937|22|0|0|2|0||0|2|
329|11|1936 - 1937|22|2|0|2|0||0|2|
330|14|1936 - 1937|22|1|0|0|0|Mansfield Town were transferred to the Third Division South for the 1937 - 1938 season|2|2|
331|15|1936 - 1937|22|1|0|0|0||2|2|
332|10|1935 - 1936|22|0|0|2|0||0|2|
333|11|1935 - 1936|22|2|0|2|0||0|2|
334|14|1935 - 1936|22|1|0|0|0|Walsall were transferred to the Third Division South for the 1936 - 1937 season|2|2|
335|15|1935 - 1936|22|1|0|0|0||2|2|
336|10|1934 - 1935|22|0|0|2|0||0|2|
337|11|1934 - 1935|22|2|0|2|0||0|2|
338|14|1934 - 1935|22|1|0|0|0||2|2|
339|15|1934 - 1935|22|1|0|0|0||2|2|
340|10|1933 - 1934|22|0|0|2|0||0|2|
341|11|1933 - 1934|22|2|0|2|0||0|2|
342|14|1933 - 1934|22|1|0|0|0||2|2|
343|15|1933 - 1934|22|1|0|0|0||2|2|
344|10|1932 - 1933|22|0|0|2|0||0|2|
345|11|1932 - 1933|22|2|0|2|0||0|2|
346|14|1932 - 1933|22|1|0|0|0||2|2|
347|15|1932 - 1933|22|1|0|0|0||2|2|
348|10|1931 - 1932|22|0|0|2|0||0|2|
349|11|1931 - 1932|22|2|0|2|0||0|2|
350|14|1931 - 1932|21|1|0|0|0|Wigan Borough reigned mid-season and their results were expunged|2|2|
351|15|1931 - 1932|22|1|0|0|0|Mansfield Town were transferred to the Third Division North for the 1932 - 1933 season|2|2|22
352|10|1930 - 1931|22|0|0|2|0||0|2|
353|11|1930 - 1931|22|2|0|2|0||0|2|
354|14|1930 - 1931|22|1|0|0|0||2|2|22
355|15|1930 - 1931|22|1|0|0|0|Walsall were transferred to the Third Division North for the 1931 - 1932 season|2|2|21
356|10|1929 - 1930|22|0|0|2|0||0|2|
357|11|1929 - 1930|22|2|0|2|0||0|2|
358|14|1929 - 1930|22|1|0|0|0||2|2|
359|15|1929 - 1930|22|1|0|0|0||2|2|22
360|10|1928 - 1929|22|0|0|2|0||0|2|
361|11|1928 - 1929|22|2|0|2|0||0|2|
362|14|1928 - 1929|22|1|0|0|0||2|2|22
363|15|1928 - 1929|22|1|0|0|0||2|2|
364|10|1927 - 1928|22|0|0|2|0||0|2|
365|11|1927 - 1928|22|2|0|2|0||0|2|
366|14|1927 - 1928|22|1|0|0|0||2|2|21
367|15|1927 - 1928|22|1|0|0|0||2|2|
368|10|1926 - 1927|22|0|0|2|0||0|2|
369|11|1926 - 1927|22|2|0|2|0||0|2|
370|14|1926 - 1927|22|1|0|0|0|Walsall were transferred to the Third Division South for the 1927 - 1928 season|2|2|
371|15|1926 - 1927|22|1|0|0|0||2|2|22
372|10|1925 - 1926|22|0|0|2|0||0|2|
373|11|1925 - 1926|22|2|0|2|0||0|2|
374|14|1925 - 1926|22|1|0|0|0|Coventry City were transferred to the Third Division South for the 1927 - 1928 season|2|2|
375|15|1925 - 1926|22|1|0|0|0||2|2|
376|10|1924 - 1925|22|0|0|2|0||0|2|
377|11|1924 - 1925|22|2|0|2|0||0|2|
378|14|1924 - 1925|22|1|0|0|0||2|2|
379|15|1924 - 1925|22|1|0|0|0||2|2|
380|10|1923 - 1924|22|0|0|2|0||0|2|
381|11|1923 - 1924|22|2|0|2|0||0|2|
382|14|1923 - 1924|22|1|0|0|0||2|2|
383|15|1923 - 1924|22|1|0|0|0||2|2|
384|10|1922 - 1923|22|0|0|2|0||0|2|
385|11|1922 - 1923|22|2|0|2|0||0|2|
386|14|1922 - 1923|20|1|0|0|0|Stalybridge Celtic resigned from the league after the season|2|2|
387|15|1922 - 1923|22|1|0|0|0||2|2|
388|10|1921 - 1922|22|0|0|2|0||0|2|
389|11|1921 - 1922|22|2|0|2|0||0|2|
390|14|1921 - 1922|20|1|0|0|0||2|2|
391|15|1921 - 1922|22|1|0|0|0||2|2|
392|10|1920 - 1921|22|0|0|2|0||0|2|
393|11|1920 - 1921|22|2|0|1|0||0|2|
394|13|1920 - 1921|22|1|0|0|0||3|2|
395|10|1919 - 1920|22|0|0|2|0||0|2|
396|11|1919 - 1920|22|2|0|1|0|Leeds City were expelled from the league after 8 games with Port Vale taking their place and inheriting their record|2|2|21
397|10|1914 - 1915|20|0|0|1|0||0|2|
398|11|1914 - 1915|20|2|0|0|0|Arsenal, who finished 5th, were also promoted during the league expansion following World War 1|3|2|20
399|10|1913 - 1914|20|0|0|2|0||0|2|
400|11|1913 - 1914|20|2|0|0|0||3|2|
401|10|1912 - 1913|20|0|0|2|0||0|2|
402|11|1912 - 1913|20|2|0|0|0||3|2|
403|10|1911 - 1912|20|0|0|2|0||0|2|
404|11|1911 - 1912|20|2|0|0|0||3|2|20
405|10|1910 - 1911|20|0|0|2|0||0|2|
406|11|1910 - 1911|20|2|0|0|0||3|2|20
407|10|1909 - 1910|20|0|0|2|0||0|2|
408|11|1909 - 1910|20|2|0|0|0||3|2|19
409|10|1908 - 1909|20|0|0|2|0||0|2|
410|11|1908 - 1909|20|2|0|0|0||3|2|19
411|10|1907 - 1908|20|0|0|2|0|Woolwich Arsenal and Blackburn Rovers tied exactly in 14th place (the only time this has happened)|0|2|
412|11|1907 - 1908|20|2|0|0|0|Stoke resigned from the league after the season due to financial difficulties|3|2|20
413|10|1906 - 1907|20|0|0|2|0||0|2|
414|11|1906 - 1907|20|2|0|0|0|Burslem Port Vale resigned from the league after the season due to financial difficulties|3|2|20
415|10|1905 - 1906|20|0|0|2|0||0|2|
416|11|1905 - 1906|20|2|0|0|0||3|2|
417|10|1904 - 1905|18|0|0|0|0||0|2|
418|11|1904 - 1905|18|2|0|0|0||3|2|20
419|10|1903 - 1904|18|0|0|2|0||0|2|
420|11|1903 - 1904|18|2|0|0|0||3|2|16
421|10|1902 - 1903|18|0|0|2|0||0|2|
422|11|1902 - 1903|18|2|0|0|0||3|2|16
423|10|1901 - 1902|18|0|0|2|0||0|2|
424|11|1901 - 1902|18|2|0|0|0||3|2|
425|10|1900 - 1901|18|0|0|2|0||0|2|
426|11|1900 - 1901|18|2|0|0|0|New Brighton Tower resigned from the league after the season due to financial difficulties|3|2|16
427|10|1899 - 1900|18|0|0|2|0||0|2|
428|11|1899 - 1900|18|2|0|0|0|Luton Town also failed to get re-elected|3|2|18
429|10|1898 - 1899|18|0|0|2|0||0|2|
430|11|1898 - 1899|18|2|0|0|0|Blackpool also failed to get re-elected|3|2|18
431|10|1897 - 1898|16|0|0|0|2|Expansion of the leagues to 18 teams in the 1898-1899 season meant both bottom teams survived|0|2|
432|11|1897 - 1898|16|0|2|0|0|Expansion of the leagues to 18 teams in the 1898-1899 season meant both top teams were promoted|3|2|
433|10|1896 - 1897|16|0|0|0|2|Only Burnley were relegated|0|2|
434|11|1896 - 1897|16|0|2|0|0|Only Notts County were promoted|3|2|15
435|10|1895 - 1896|16|0|0|0|2|Only Small Heath were relegated|0|2|
436|11|1895 - 1896|16|0|2|0|0|Only Liverpool were promoted. Rotherham Town and Burslem Port Vale were also not re-elected|3|2|16
437|10|1894 - 1895|16|0|0|0|3|Only Liverpool were relegated|0|2|
438|11|1894 - 1895|16|0|3|0|0|Only Bury were promoted. Four re-election places were used as 3rd and 4th bottom had the same points.|4|2|14
439|10|1893 - 1894|16|0|0|0|3|Darwen and Newton Heath were relegated|0|2|
440|11|1893 - 1894|15|0|3|0|0|Liverpool and Small Heath were promoted. Middlesbrough Ironopolis folded at the end of the season for financial reasons.|4|2|15
441|10|1892 - 1893|16|0|0|0|3|Notts County were relegated. Accrington resigned from the league.|0|2|
442|11|1892 - 1893|12|0|3|0|0|Darwen and Sheffield United were promoted. Bootle folded at the end of the season for financial reasons.|4|2|
443|10|1891 - 1892|14|0|0|0|0||4|2|14
444|10|1890 - 1891|12|0|0|0|0||4|2|
445|10|1889 - 1890|12|0|0|0|0|Aston Villa and Bolton Wanderers finished on level points so neither faced re-election|3|2|12
446|10|1888 - 1889|12|0|0|0|0||4|2|
